mu0=1.256637062120000e-06;
gfree = 2.002319304362560;
bmagn = 9.274010078300000e-24;
g1H = 5.585694680000000;
planck = 6.626070150000000e-34;
nmagn = 5.050783746100000e-27;